[gd_scene load_steps=3 format=3 uid="uid://df25f6rpsnqan"]

[ext_resource type="PackedScene" uid="uid://bghkia2fb7lll" path="res://magnet.tscn" id="1_bajdo"]

[sub_resource type="BoxShape3D" id="BoxShape3D_ybyxj"]
size = Vector3(27.035, 0.216, 52.925)

[node name="Main" type="Node3D"]

[node name="Camera3D" type="Camera3D" parent="."]
transform = Transform3D(-0.0192199, -0.998924, 0.0422188, -0.0274519, 0.042738, 0.998709, -0.999438, 0.0180361, -0.0282438, 0, 5.01296, 0.133918)
fov = 84.4335

[node name="FLOOR" type="StaticBody3D" parent="."]

[node name="CSGBox3D" type="CSGBox3D" parent="FLOOR"]
transform = Transform3D(1, 0, 0, 0, 1, 0, 0, 0, 1, -8.01751, -1.16502, 1.14906)
visible = false
size = Vector3(42.2865, 0.428955, 61.7696)

[node name="CollisionShape3D" type="CollisionShape3D" parent="FLOOR"]
transform = Transform3D(1, 0, 0, 0, 1, 0, 0, 0, 1, 0, -0.391846, 0)
shape = SubResource("BoxShape3D_ybyxj")

[node name="DirectionalLight3D" type="DirectionalLight3D" parent="."]
transform = Transform3D(0.951053, -0.309028, 0.00030353, 0.161724, 0.498552, 0.851641, -0.263332, -0.809906, 0.524126, 0, 0, 0)

[node name="1" parent="." node_paths=PackedStringArray("otherMagnets") instance=ExtResource("1_bajdo")]
transform = Transform3D(0.999991, 0, -0.00424104, 0, 1, 0, 0.00424104, 0, 0.999991, 0, 0, -0.548241)
debug = true
otherMagnets = [NodePath("../2")]

[node name="2" parent="." node_paths=PackedStringArray("otherMagnets") instance=ExtResource("1_bajdo")]
transform = Transform3D(-0.998477, 0, -0.0551766, 0, 1, 0, 0.0551766, 0, -0.998477, 0, 0, -1.84302)
otherMagnets = [NodePath("../1")]
